https://discoveryprovider.audius.co 	 0.3.69	0	0	37645443072	260156866560	14.470286166103492
https://discoveryprovider2.audius.co 	 0.3.69	0	0	24943190016	266206101504	9.369879155690654
https://discoveryprovider3.audius.co 	 0.3.69	0	0	24197521408	103865303040	23.29702094902779
https://audius-dp.amsterdam.creatorseed.com 	 0.3.69	0	0	242119868416	461648932864	52.44675145546748
https://audius-dp.singapore.creatorseed.com 	 0.3.69	0	1	223121608704	900638949376	24.773701921129206
https://audius-discovery-1.cultur3stake.com 	 0.3.69	0	12222	221331546112	250402369536	88.39035609851905
https://audius-discovery-10.cultur3stake.com 	 0.3.69	45	10112	207186575360	250402369536	82.74145957321424
https://audius-discovery-11.cultur3stake.com 	 0.3.69	7	13659	229013667840	250402369536	91.45826705408832
https://audius-discovery-12.cultur3stake.com 	 0.3.69	0	206049	234679873536	250402369536	93.72110734050398
https://audius-discovery-13.cultur3stake.com 	 0.3.69	0	0	190235783168	250402369536	75.97203793259236
https://audius-discovery-14.cultur3stake.com 	 0.3.69	14	0	175096115200	250402369536	69.92590186924197
https://audius-discovery-15.cultur3stake.com 	 0.3.69	1	2	186308956160	250402369536	74.40383112397609
https://audius-discovery-16.cultur3stake.com 	 0.3.69	0	48224	226299166720	250402369536	90.37421137001871
https://audius-discovery-17.cultur3stake.com 	 0.3.69	2917	0	155975618560	250402369536	62.28999304160961
https://audius-discovery-18.cultur3stake.com 	 0.3.69	0	1	196537925632	250402369536	78.48884417355484
https://audius-discovery-2.cultur3stake.com 	 0.3.69	1	1	155514114048	250402369536	62.10568787195201
https://audius-discovery-3.cultur3stake.com 	 0.3.69	1	1	193811378176	250402369536	77.39997769794907
https://audius-discovery-4.cultur3stake.com 	 0.3.69	0	0	182843580416	250402369536	73.01990822004295
https://audius-discovery-5.cultur3stake.com 	 0.3.69	0	2	146295562240	250402369536	58.4241924351947
https://audius-discovery-6.cultur3stake.com 	 0.3.69	0	0	178636795904	250402369536	71.3398983544034
https://audius-discovery-7.cultur3stake.com 	 0.3.69	1943	82	166488080384	250402369536	66.48822081536423
https://audius-discovery-8.cultur3stake.com 	 0.3.69	0	170840	232657395712	250402369536	92.91341617218649
https://audius-discovery-9.cultur3stake.com 	 0.3.69	0	88346	219395231744	250402369536	87.61707493045822
https://disc-lon01.audius.hashbeam.com 	 0.3.69	4	1	228367187968	900720979968	25.353821332785348
https://dn1.monophonic.digital 	 0.3.69	0	0	280935817216	645156605952	43.545367841572066
https://dn2.monophonic.digital 	 0.3.69	0	0	263195447296	1290380804096	20.396726800379398
https://dn-jpn.audius.metadata.fyi 	 0.3.69	0	0	204207726592	644611346432	31.679201385813933
https://dn-usa.audius.metadata.fyi 	 0.3.69	1	0	318094737408	900649848832	35.31835794127078
https://audius-metadata-1.figment.io 	 0.3.68	1	0	226249842688	416055988224	54.37966261554913
https://audius-metadata-2.figment.io 	 0.3.68	0	2	200253140992	416071176192	48.12953947561878
https://audius-metadata-3.figment.io 	 0.3.68	0	11	194678448128	416071176192	46.789698317906016
https://audius-metadata-4.figment.io 	 0.3.68	1	17	172252278784	416071176192	41.39971443359791
https://audius-metadata-5.figment.io 	 0.3.68	0	18	191287222272	416071176192	45.97463924867717
https://dn1.nodeoperator.io 	 0.3.69	0	18	199174025216	291195039744	68.39883858979914
https://audius-discovery-1.altego.net 	 0.3.69	0	18	188796207104	520120602624	36.29854425137674
https://audius-discovery-2.altego.net 	 0.3.69	0	18	194805288960	520120602624	37.453868963700046
https://audius-discovery-3.altego.net 	 0.3.69	1	18	191559741440	520134832128	36.82886236560659
https://blockchange-audius-discovery-01.bdnodes.net 	 0.3.69	1	18	27881381888	83053432832	33.57041477671163
https://blockchange-audius-discovery-02.bdnodes.net 	 0.3.69	1	18	29565313024	83053432832	35.59794221125639
https://blockchange-audius-discovery-03.bdnodes.net 	 0.3.69	1	18	27771727872	83053432832	33.43838650014201
https://blockdaemon-audius-discovery-01.bdnodes.net 	 0.3.69	1	18	29641875456	83053432832	35.69012675967219
https://blockdaemon-audius-discovery-02.bdnodes.net 	 0.3.69	0	19	29532065792	83053432832	35.55791107603859
https://blockdaemon-audius-discovery-03.bdnodes.net 	 0.3.69	0	19	27684655104	83053432832	33.33354704314313
https://blockdaemon-audius-discovery-04.bdnodes.net 	 0.3.69	0	20	28543217664	83067539456	34.36145797856339
https://blockdaemon-audius-discovery-05.bdnodes.net 	 0.3.69	0	20	27719168000	83053432832	33.375102093696924
https://blockdaemon-audius-discovery-06.bdnodes.net 	 0.3.69	1	20	28623179776	83053432832	34.46357218478711
https://blockdaemon-audius-discovery-07.bdnodes.net 	 0.3.69	0	21	30303027200	83053432832	36.48618264978497
https://blockdaemon-audius-discovery-08.bdnodes.net 	 0.3.69	1	21	28441026560	83053432832	34.24425167052437
https://discovery.grassfed.network 	 0.3.69	0	22	307809423360	532872073216	57.76422500475631
https://discovery-au-02.audius.openplayer.org 	 0.3.69	0	22	232785072128	500673052672	46.494428027565874
https://discovery-us-01.audius.openplayer.org 	 0.3.69	0	22	234199953408	900649848832	26.003441149934147
https://audius-disco.ams-x01.nl.supercache.org 	 0.3.69	0	22	239252332544	302748938240	79.02664628152587
https://audius-disco.dfw-x02.us.supercache.org 	 0.3.69	0	22	233654370304	900649848832	25.942864544641036